0.08439353010066031 0.07277145414887952 0.0773668820287287 0.08644686493180737 0.09015584283061673 0.08439352726032771 0.07277143644044463 0.09015584276631063 0.09015584507138162 0.0971699968842061 0.0843935273075662 0.06982525022907048 
0.0866181743698395 0.08180231350662816 0.08282342582740469 0.0815585991895923 0.08270517253676198 0.08661816909009182 0.08180233358321921 0.08270517245833905 0.0827051752569928 0.081666352706437 0.08661816917814595 0.0823769422965475 
0.10240260135042072 0.07715401437623182 0.08314858387160486 0.08628482298592427 0.06769061416407043 0.10240259821188248 0.07715399011952823 0.06769061427415396 0.06769061035142386 0.0767722297933948 0.10240259826459183 0.08920672223677273 
0.07556195282590825 0.08768939750349514 0.08776290324901981 0.07892545484545768 0.08768149161781308 0.07556195002443514 0.08768943926514433 0.08768149149933958 0.08768149571729439 0.08093227415837707 0.0755619500711016 0.08727019922261393 
0.062145556195105964 0.0933250231225365 0.10430943359665153 0.08183571987349239 0.08446317389593361 0.06214555189243259 0.09332497098145534 0.08446317398880834 0.08446317070185327 0.08583972594405713 0.06214555196406989 0.10153894784360347 
0.08024799645640518 0.08639569539275739 0.08693340650578094 0.08261121123631038 0.08236145862615851 0.08024798976297727 0.08639574569198678 0.08236145852155773 0.08236146224519568 0.08340699427300557 0.08024798987480375 0.08642859141306083 
0.0798234989394419 0.08611558872858625 0.08633988825177821 0.08220389832892631 0.08341496494755765 0.07982349752263843 0.0861156008442996 0.08341496493247727 0.08341496546849635 0.08364479617086533 0.07982349754634967 0.08586483831858303 
0.04578936748489553 0.10268077347032681 0.1078666037366875 0.06756374591864035 0.10832087837348352 0.04578936585103967 0.10268081759917928 0.10832087826730312 0.10832088202974934 0.07692110488803293 0.04578936587837793 0.07995621650228407 
0.04895846092626875 0.09393263233824192 0.09680161321834987 0.06512378030157416 0.11291565054416189 0.04895846407865548 0.09393260495031618 0.11291565059390336 0.11291564881713397 0.07353018931616648 0.048958464026003956 0.09105684088922404 
0.06449448146122938 0.08928150464155254 0.09186076975175345 0.0789355240935433 0.09715324966283434 0.06449448363219655 0.08928148918186277 0.09715324965997504 0.09715324976682654 0.08602385638989221 0.06449448359597415 0.07967365816235972 
0.08933725211272436 0.0811891968365452 0.08229127499477983 0.08430536316965603 0.07912426406810949 0.08933724939940524 0.08118919293109424 0.07912426408970953 0.07912426331919892 0.08378557126767402 0.08933724944475281 0.08185485836635031 
0.07978076702353741 0.08507761088700638 0.08456426568320474 0.08278479974603999 0.0834252954471848 0.07978076422370359 0.08507763257285378 0.08342529541270076 0.08342529663354131 0.08223867391770258 0.07978076427048511 0.09063883418203958 
0.08053719863809568 0.08665681802046095 0.0826617678595422 0.08623361294637585 0.08143277071916429 0.08053719808571615 0.08665684335076625 0.08143277068848355 0.08143277177796522 0.08550640418177695 0.08053719809502367 0.08637464563662926 
0.043327559110609905 0.09461461123730348 0.11980512193958634 0.08242426619237075 0.10002001378358732 0.04332755817304533 0.09461439255173852 0.10002001439133673 0.10001999280277438 0.07089118770263583 0.043327558188651534 0.10760772392635987 
0.06386511446494895 0.0913650721451361 0.10926645133581622 0.07837194728599621 0.09101725020132002 0.06386511451338145 0.09136505370763398 0.09101725029881595 0.09101724680516259 0.07592979456348492 0.06386511451258632 0.08905459016571726 
0.08393354895017587 0.08551032700201633 0.08442869470543737 0.0833818435789826 0.08164401439738159 0.08393355457807869 0.08551030110166824 0.08164401447531691 0.0816440117014787 0.08310617194747398 0.08393355448417285 0.08132996307781687 
0.06628313283737908 0.09254873070465978 0.09129732402081876 0.0826845560043093 0.08982181501895962 0.06628313443457859 0.09254870923527804 0.08982181514629514 0.08982181060464822 0.0787729053203939 0.06628313440803874 0.09383293226464083 
0.08830091620198696 0.0784148229068605 0.07598292467908233 0.09476228932819351 0.07960239413479599 0.08830091588910301 0.07841478637872126 0.07960239423942872 0.07960239051348782 0.08385052893800558 0.08830091589426282 0.08486472089607151 
0.04529659981759515 0.14020357714025056 0.08145757672448332 0.0751231535342831 0.09067228753851796 0.045296599498980836 0.14020367364792927 0.09067228740881594 0.09067229202096541 0.09325712317817886 0.045296599504313514 0.06184822998568605 
0.14433117122594163 0.05852794234162337 0.05085105192048199 0.09980556362700911 0.054340409513217794 0.14433118756046276 0.05852788847249962 0.05434040964591232 0.05434040492946877 0.08392643021078182 0.1443311872878082 0.052346353264792575 
0.12037010382752379 0.06898720644969863 0.06664596057809107 0.07970950473449098 0.06595155005906865 0.12037011015848251 0.06898717369365909 0.06595155014266071 0.06595154717696393 0.07014196922085365 0.12037011005260198 0.08656321390590506 
0.056626015852896366 0.10013259047946459 0.10487542059795282 0.07325719325264815 0.09538548207712753 0.0566260145429338 0.10013259243354804 0.09538548215005824 0.09538547952266559 0.07815947379325598 0.05662601456487987 0.08740824073256906 
0.12223137323910402 0.06692505847266995 0.06844597658436763 0.08927081679264688 0.06525364190904853 0.12223137177417681 0.06692503812330296 0.06525364194596733 0.06525364063402306 0.08460744630568245 0.12223137179883212 0.061370622420178225 
0.0491310718128007 0.09682997677759742 0.1049972004920846 0.07142048857041597 0.10596780990614728 0.049131072569566815 0.09682998968414955 0.1059678098666444 0.10596781125273376 0.08097825099874019 0.04913107255691056 0.08364744551220882 
0.04188547376770399 0.10501936339519707 0.0915100959497576 0.06614186170484006 0.11697089574676077 0.04188547226593842 0.10501938604464622 0.11697089560982375 0.11697090047668424 0.0801927562268815 0.0418854722910736 0.07554742652069282 
0.10462948244915217 0.07201329845218452 0.07436897417957965 0.08827855672260818 0.07706885950133788 0.10462948571295226 0.0720132794325068 0.07706885950421136 0.07706885942064054 0.08356737259529214 0.10462948565815249 0.06466348637138203 
0.10876129179440591 0.07263778720826773 0.07621286184404401 0.08756405808608729 0.06812153334565 0.1087612914624536 0.07263776140882264 0.06812153342939356 0.06812153045391117 0.07927609528140593 0.10876129146817358 0.08102296421738453 
0.07579161139914238 0.08346473774442566 0.0869795506569194 0.08301327116219896 0.0889813635121493 0.07579161207841828 0.08346473838441407 0.08898136347013545 0.08898136498421039 0.08250920523965828 0.07579161206710067 0.0862495693012272 
0.06240038567976275 0.08978142270923384 0.09509382310386189 0.08011123216438445 0.09334428391592682 0.062400388134505186 0.08978140409534331 0.09334428399544407 0.09334428116074865 0.0766016381957793 0.062400388093512754 0.10139646875149698 
0.06053389438375922 0.09644437096294399 0.09355987739354624 0.07505041730887309 0.09706064327487787 0.06053389401049001 0.09644434493335259 0.09706064337485501 0.09706063980653874 0.07768299554695476 0.06053389401682032 0.08803438498698817 
0.06650454185121948 0.081978431231273 0.08394806267930764 0.07449724725149691 0.09451341006601864 0.06650453767257088 0.08197847038323758 0.09451340990805182 0.09451341552125953 0.08035101482251364 0.06650453774235833 0.11419292087069255 
0.08129996863106129 0.08744510446429789 0.08199715154028674 0.08617996286238015 0.08086705649771374 0.08129996880766469 0.08744511656608653 0.08086705649931357 0.08086705644211634 0.086036315215241 0.08129996880485325 0.08439527366898487 
0.06559090263869469 0.09639880714919659 0.0851070382091463 0.08762783201222407 0.08969781693298991 0.0655909012813778 0.09639878203171658 0.08969781701504626 0.08969781409260937 0.08887804546644373 0.06559090130417358 0.07972334186638118 
0.0518341675471132 0.08687929985289734 0.054793721825480604 0.14167014579725304 0.08242678833056125 0.051834166520481055 0.08687928764976352 0.0824267883298457 0.08242678836466602 0.18145161771087592 0.05183416653766621 0.04554306153339625 
0.06167190774057399 0.08521268640805572 0.08327381028641362 0.07631710005022498 0.10047370282358291 0.06167190755845763 0.08521270622799602 0.10047370272116782 0.10047370635963021 0.08538311450549005 0.06167190756151883 0.09816374775688821 
0.08150690996165919 0.08420561565117708 0.08181047974808532 0.08890917813418288 0.08565690216047386 0.08150690645300163 0.08420566696321984 0.08565690198743085 0.08565690815953152 0.09229565796001163 0.08150690651163664 0.06708196630958964 
0.0675955947212311 0.08972223909563105 0.0879022320340678 0.08092275592859753 0.09363746634773208 0.06759559314960166 0.08972226139399647 0.09363746628432222 0.09363746853967277 0.0815011094063726 0.06759559317587063 0.08653021992290409 
0.0652031485898163 0.08927785109419377 0.091368173543526 0.07717511965136598 0.09672237425499162 0.06520315031964576 0.0892778620149641 0.09672237420209526 0.09672237608286104 0.08072088049570149 0.06520315029081655 0.08640353946002216 
0.08941805529883086 0.08217592734010275 0.07806136657092691 0.0782821838798508 0.08355091072577127 0.08941805469081367 0.08217598859536626 0.08355091057594957 0.08355091589429439 0.08146255395589662 0.0894180547009732 0.07893507777122372 
0.042549687740030505 0.10104884775067743 0.08572655375243761 0.06994969132461891 0.11714854970649351 0.04254968809295828 0.10104884890116685 0.11714854971065841 0.11714854953071979 0.08264741287704604 0.04254968808705619 0.08048393252613645 
0.1150254094685041 0.0711011387734594 0.06891294986277362 0.09474738763440356 0.06658056327069191 0.11502540872855575 0.07110112616058295 0.06658056330089424 0.06658056222678249 0.08947998325838367 0.11502540874115606 0.05983949857381223 
0.07270255275809334 0.08753832048760243 0.09489679629445073 0.08184924448635836 0.08701242413701284 0.07270255349426216 0.08753828550262077 0.08701242428061019 0.08701241914853645 0.07658076759578021 0.07270255348196619 0.0924516583327063 
0.08704089886578542 0.08418769887255301 0.08589840092389658 0.08009483499606274 0.0797389176573319 0.08704088848762603 0.08418774988585807 0.0797389175501504 0.0797389213637443 0.07988235253339727 0.08704088866094399 0.08540953020265031 
0.1196481307635707 0.07325705550469797 0.07103973063992303 0.08866430209196148 0.06229788729527375 0.11964813208603593 0.07325706503452585 0.06229788731763008 0.06229788650454436 0.0892349548898989 0.11964813206437133 0.05870883580756664 
0.10266066364022496 0.07558290098909379 0.07406586828454344 0.08012101746649367 0.07505057673142776 0.10266067176519358 0.07558287754740715 0.07505057679443398 0.07505057455528641 0.07751124680383926 0.10266067162952745 0.0840023537925286 
0.09957512449593495 0.07386265641972475 0.06947938332288939 0.08238153929566679 0.06647651540211233 0.099575132764358 0.07386265853578862 0.06647651539695201 0.06647651557406703 0.14673426513885154 0.09957513262623083 0.05552456102742374 
0.07703383813735173 0.08488727731315195 0.08426034871093788 0.08189917064842557 0.09473649181288955 0.07703384063316562 0.08488726144379942 0.09473649171587255 0.09473649520978077 0.08908045301290504 0.077033840591375 0.05967449077034497 
0.11414468783269523 0.0686615014737352 0.06450221426246029 0.09136342695648611 0.06939359594373028 0.11414469581183168 0.06866147984937183 0.06939359598283655 0.06939359460469183 0.08395173761733273 0.11414469567846132 0.07224477398636696 
0.11060761529614686 0.06992636172068621 0.06710286507915862 0.09212481730260895 0.06890355671875159 0.11060761425691215 0.06992632574663037 0.06890355680781843 0.06890355364765893 0.08571120773207871 0.11060761427426719 0.076674911417282 
0.10972510428632472 0.0717659573477636 0.060037259853345896 0.0982948820729706 0.06898117978840058 0.10972510510239142 0.07176595337476542 0.06898117981857682 0.06898117873532134 0.10030670947838777 0.10972510508902325 0.06171038505272863 
0.11280478377108236 0.07147907471211057 0.0662177066480168 0.09625155635787909 0.07339172029303258 0.11280477508438373 0.07147900972234139 0.07339172044740018 0.07339171498135683 0.08031557923664595 0.11280477522971023 0.05566758351604023 
0.09790076742037905 0.07823816488203818 0.08075521316033017 0.09199983788075267 0.07187483793561882 0.097900773499266 0.07823815952248761 0.07187483798818686 0.07187483610801389 0.09107071850984137 0.09790077339803972 0.07037107969504565 
0.0719583260760227 0.08292363412254862 0.09141676247085237 0.08975843967577207 0.08737389678784664 0.07195832116306293 0.08292363674862889 0.08737389677735656 0.08737389716074707 0.08102691540211912 0.0719583212451029 0.09395395236994016 
0.0686963887440339 0.08447915981695 0.08400441316987572 0.07480058582574997 0.09818240824071889 0.06869638938552448 0.0844791542286753 0.0981824082082447 0.09818240936828398 0.08144512611678867 0.06869638937484156 0.09015516752031287 
0.08319616040471135 0.08321845123916517 0.08519856803672345 0.08460966886229797 0.08458664981713057 0.08319615876721809 0.08321847202178612 0.0845866497513028 0.08458665210185796 0.08262959667005497 0.08319615879466553 0.077776813533086 
0.08151161022672468 0.08843469568162382 0.08565936418213897 0.07904138664749083 0.0835738015050203 0.08151161196585764 0.08843471275728787 0.08357380149452859 0.08357380185847203 0.08109111947203039 0.08151161193692516 0.08208248227189972 
0.08445585684731549 0.08517750236148844 0.07954688605956153 0.07777421238068469 0.0856955327405221 0.08445585619018044 0.0851775837004872 0.08569553254809588 0.08569553938555803 0.08140098455724713 0.08445585620119685 0.0804686570276622 
0.08757995727493019 0.07955230540821502 0.081270672029983 0.0867345473173542 0.08140552497626176 0.08757996089466345 0.07955227189008554 0.08140552504685149 0.08140552254073263 0.08506788189281536 0.08757996083410674 0.08086586989400067 
0.07827604735698296 0.08691898542001364 0.0857733424613967 0.08207482997545207 0.08486341022718302 0.07827604783435722 0.0869189930306054 0.08486341021904256 0.0848634105116599 0.08406772700905356 0.07827604782642425 0.08482774812782874 
0.06816296100914802 0.08555947043212259 0.08914113713436278 0.08644770623291631 0.09308375239798898 0.06816296339362127 0.08555943565744138 0.09308375248890771 0.09308374925126307 0.08236054071490491 0.06816296335378703 0.08719156793353593 
0.0473966444651902 0.10468665459681364 0.0809267704151941 0.07874103945690629 0.10347572229999691 0.04739664439341904 0.10468668693426542 0.10347572225607515 0.10347572378640135 0.10427045060652339 0.047396644394637935 0.07407129639457653 
0.0856436409498925 0.08188153954900204 0.07998923105084117 0.08994790365136598 0.08110351419135639 0.08564363746645007 0.08188152602084943 0.08110351422571788 0.0811035130105732 0.08532683723046655 0.08564363752468121 0.08073150512880357 
0.10740817985945593 0.06880892216934968 0.08185138577938646 0.09325680772427368 0.07056727574481853 0.10740816941923421 0.06880890007967594 0.07056727580007116 0.07056727383030326 0.07707833534453178 0.10740816959363496 0.07626930465526444 
0.020147700639580136 0.13272381516356832 0.10600681898905658 0.04195705532075751 0.13112518122082745 0.02014770004715608 0.13272401474720638 0.13112518132069928 0.13112517753041691 0.04746655938715989 0.02014770005706946 0.08530309557650195 
0.08199360719060612 0.08282921030343746 0.08319935273394914 0.08007031930404895 0.0843861972466187 0.08199360065954343 0.08282925924511807 0.08438619710840109 0.08438620202555584 0.08558367128468676 0.08199360076854222 0.08634878212949215 
0.09260734618662267 0.07911158360295381 0.08198292734125637 0.08671614899634246 0.07697621879003456 0.09260734590948509 0.07911156326969546 0.07697621884791304 0.07697621678780324 0.08450648611573815 0.09260734591405244 0.07982059823810274 
0.05457767331111721 0.09628274441680713 0.09903698770545309 0.08389929456474968 0.10120283450520205 0.05457767417854123 0.09628270272035365 0.10120283449400144 0.10120283493566819 0.09068489891055842 0.054577674163957125 0.06647184609359078 
0.051065463405425816 0.09483193463779327 0.08920835959249294 0.06685974869691916 0.11151049978046489 0.05106546702494078 0.094831904105065 0.11151049984712912 0.11151049747724673 0.07392247047169409 0.05106546696451391 0.0926176879963143 
0.06840673037813022 0.08839708819764554 0.09288241430230436 0.08278030836087093 0.09135851711636125 0.06840673330952204 0.08839703677199331 0.09135851728266016 0.09135851135650057 0.07765893205204653 0.0684067332606164 0.09058847761134872 
0.10274639830651365 0.07404011351806103 0.07230950338246232 0.07694591739072106 0.08065059274350721 0.10274639922562544 0.07404014176402209 0.08065059264063903 0.08065059629181785 0.07928293868354996 0.10274639921029428 0.07319040684278606 
0.13956995022804305 0.055421162595609114 0.05722239265093292 0.10906232687425618 0.05569998094098898 0.13956993954128902 0.05542113081723968 0.0556999810114659 0.055699978512935434 0.08044297839489976 0.139569939720079 0.0566202387122609 
0.08048994899395778 0.08438363730245484 0.08177957528746241 0.08310756422273408 0.08414042575652873 0.08048994405202035 0.08438366801752349 0.08414042567971634 0.0841404284138419 0.0846549996280207 0.08048994413462908 0.08779943851111029 
0.06924842406717199 0.08985218234093212 0.0862844292935139 0.076623266553603 0.08900191646080934 0.06924842049048578 0.08985223448585285 0.08900191635732925 0.0890019200250489 0.08074325496038812 0.06924842055026963 0.10189361441459507 
0.0883345336386361 0.08303017028265311 0.08006212988981931 0.08763589804627424 0.07980675011012815 0.08833453732811855 0.08303016362100026 0.07980675012761519 0.07980674950833444 0.08695216009495921 0.08833453726667369 0.07486562008578772 
0.07689948011926036 0.08692192971099535 0.0845350110402691 0.08365601808938784 0.08619062626848563 0.07689948690580124 0.08692188110597622 0.08619062640713479 0.08619062146430619 0.08469571197392074 0.07689948679240685 0.08399912012205564 
0.10400912524109525 0.07227780597028692 0.07273450332668596 0.08824219709360898 0.0726909449235168 0.10400911887482966 0.07227779509486251 0.07269094493045933 0.0726909446875303 0.08927158710337303 0.10400911898092632 0.0750959137728249 
0.06236330031748119 0.09468738538076873 0.09196642684030445 0.07720208576935618 0.0917545168758683 0.06236330121973402 0.09468737659159486 0.0917545169472678 0.0917545144014726 0.07872487008874164 0.06236330120478204 0.10037840436262815 
0.08056524585870564 0.08599130743424942 0.08468574582085127 0.08220874921351755 0.08380692675729653 0.08056525198757282 0.08599127226880894 0.08380692686490433 0.08380692302597663 0.08268555821000588 0.08056525188518145 0.08532084067292955 
0.08022725596309131 0.08424543799658245 0.08153717525650071 0.08440261194186796 0.08538485828039816 0.08022725418203439 0.08424545715017431 0.08538485821554707 0.08538486052664314 0.08634311646882484 0.08022725421177108 0.08238985980656452 
0.10370892892720762 0.07586954618915968 0.07599500881817604 0.08365703677291127 0.0719278458625402 0.10370893321896679 0.07586950712263266 0.07192784596881652 0.0719278421871998 0.0818675098002165 0.10370893314731404 0.0798310619848589 
0.08870748625948352 0.08143556079929416 0.07471313457239877 0.09831690360019758 0.07632331209877327 0.08870748542577024 0.08143551090174019 0.07632331224609556 0.07632330700509776 0.08800770787728361 0.08870748543978 0.08099879377408535 
0.08010214575261643 0.0860564407995794 0.08706913087357222 0.08105009645092753 0.08347978422727838 0.0801021426289552 0.08605646429371117 0.08347978418139333 0.08347978581971484 0.08244803426980939 0.08010214268123378 0.08657404802120833 
0.10332846175640598 0.0751547594930271 0.07136634014690188 0.08486155133630269 0.07430537983171212 0.10332846588780614 0.07515473501413869 0.07430537988465934 0.07430537801455282 0.08061985439460712 0.10332846581899936 0.07994122842088677 
0.08500846929619382 0.0831723598013175 0.08231041115557519 0.08440324411340054 0.08138608355407831 0.08500847474161005 0.08317231622662528 0.08138608367171214 0.08138607948548184 0.08586205590376217 0.08500847465069133 0.08189594739955179 
0.10066490051362074 0.07496555478737388 0.07409626776461556 0.08680597746365316 0.07652411431542053 0.10066490890247086 0.07496551161819946 0.07652411441950269 0.07652411071890865 0.08383501937570265 0.10066490876233462 0.07376461135819722 
0.1276251829246309 0.0640828030900632 0.06065765841655713 0.09714864899489506 0.06428889855933334 0.12762519290485624 0.06408275428282706 0.06428889867341134 0.06428889462745496 0.08327850458484198 0.12762519273768078 0.05500737020344798 
0.07126419817921409 0.0862337919497698 0.08884520142927464 0.0873811757267671 0.09212484323502976 0.07126420215455098 0.08623374175301847 0.0921248433661594 0.09212483869844516 0.08306730524304787 0.07126420208811746 0.07807165617660526 
0.04246415654737271 0.11059322491267833 0.09595487633644789 0.07402302780021791 0.10255736629316446 0.042464155829179916 0.11059328328544253 0.1025573663887744 0.10255736291035888 0.07416217920063879 0.04246415584121326 0.09960884465451095 
0.18507758522494402 0.04193318171684673 0.03847610292418307 0.11429161318189031 0.03888812647167622 0.1850775279489187 0.04193314615503095 0.038888126552270245 0.038888123693231504 0.057428791103145554 0.18507752890755874 0.03404014612030397 
0.0737359874052206 0.08793182933757383 0.08670448940667956 0.08337469688207967 0.08705340217028056 0.0737359887618044 0.08793181330667428 0.08705340220793696 0.0870534008698611 0.0854139358111868 0.07373598873909643 0.0862750651016058 
0.03650706951174157 0.11810945880686004 0.12741743797761135 0.06928940942727216 0.09887702022103981 0.036507068704349 0.11810942933291806 0.09887702028441792 0.09887701804492859 0.07605634242968394 0.03650706871781012 0.08486565654136749 
0.08587480185200215 0.08274449102609444 0.08248697122337097 0.08530148337222244 0.0808214091475001 0.08587479201611595 0.08274453686308089 0.08082140902854572 0.08082141326424482 0.0846137142791975 0.08587479218037361 0.08202018574725144 
0.08581638049487746 0.08468761509243698 0.08638442473067263 0.08459070690496377 0.07777712534205533 0.0858163715396705 0.08468766162342203 0.07777712526892266 0.07777712786764537 0.08297778053647956 0.08581637168925814 0.08589130890959555 
0.11166325554876394 0.07650838293322369 0.08039324039308905 0.08008333332622035 0.0675719613148335 0.11166325911151892 0.07650837577235664 0.06757196136608674 0.06757195953441773 0.07590192716730297 0.11166325905205234 0.07289908448013403 
0.10048123041394509 0.0710245606382956 0.06615245051259586 0.08746089893924244 0.07776135359512454 0.10048123651941399 0.07102450369677228 0.07776135372519166 0.07776134911670778 0.0874671924968447 0.10048123641696788 0.08214263392889826 
0.08296009107258392 0.0804473288048713 0.08600434084297795 0.08117225492534628 0.08453027216185957 0.08296009313563259 0.08044730698395329 0.08453027220720902 0.08453027059169088 0.08820570584747123 0.08296009310098196 0.08125197032542202 
0.10122771124532348 0.07625183735540723 0.07695188270628743 0.09061820233160305 0.07091199565495444 0.10122771124532227 0.07625181780589385 0.07091199571909912 0.07091199344234651 0.08381076340139823 0.10122771124538132 0.07969637784698304 
0.13501121527825952 0.061672061874902886 0.06455133202954545 0.07628071996246998 0.06032208844093707 0.13501122809249932 0.0616720540055611 0.060322088441884705 0.06032208841631856 0.07888948946649597 0.13501122787795497 0.07093440611317052 
0.09377044156816608 0.07538014464512999 0.09603318251679648 0.0921307006544881 0.07804594413549235 0.09377044264420455 0.07538010702659716 0.07804594421210674 0.07804594149447498 0.08073893403486881 0.09377044262610847 0.06488777444156635 
0.06125892970178954 0.08985785208982636 0.0895515298647329 0.07490801188006524 0.105984025479945 0.061258932132653536 0.08985784748001586 0.10598402533776474 0.10598403042394934 0.08070879973684368 0.06125893209201795 0.07338708378039592 
0.08857818643714505 0.07458659179682957 0.07327682487262885 0.08906111372145488 0.08267654703449029 0.08857818115116337 0.0745865987832936 0.0826765469572835 0.08267654970698098 0.09884984786330078 0.08857818123934198 0.0758748304360871 
0.11432929608723007 0.07269878658367704 0.06475691945467109 0.09577016506578445 0.06811548876114586 0.11432929978034187 0.07269874072870094 0.06811548886164549 0.06811548530016413 0.08314697041212687 0.11432929971838521 0.063594059246127 
0.08046383715290134 0.0862818720141224 0.08811767776327424 0.07984527919621381 0.08322298574909681 0.0804638336903214 0.08628189682927222 0.08322298569835551 0.08322298750779164 0.08102913258168658 0.08046383374815906 0.08738367806880504 
0.0697431364681841 0.0875816647841101 0.08753954187501221 0.07898284006266386 0.09350528592913944 0.06974313840400465 0.08758166952806201 0.09350528590319454 0.09350528681672912 0.08425061502865597 0.06974313837165708 0.08431839682858688 
0.06639294107996159 0.08954847513046725 0.10335994188225181 0.08112628161951194 0.09082608311202554 0.0663929411565812 0.08954845310712879 0.09082608320152764 0.09082607999539426 0.07847212099394377 0.06639294115530385 0.08628765756590236 
0.06878903696907042 0.07962875293258619 0.08911397331397052 0.0765447316508892 0.09922376612080937 0.06878903900048253 0.07962873740014943 0.09922376610951326 0.09922376651718609 0.08259919980317787 0.06878903896652618 0.08844619121563899 
0.053238610028829694 0.09620859131877446 0.11847101037287891 0.06778353034307352 0.09952266241779205 0.053238611165100626 0.09620860780061638 0.09952266239109693 0.09952266332750528 0.07411824949810242 0.05323861114611767 0.08892619019011204 
0.10035417031372619 0.07718422834507663 0.07425149518511442 0.08477746190659326 0.07413657149268549 0.10035417354125141 0.07718421524654435 0.07413657153277176 0.07413657011217435 0.08195571243251086 0.1003541734874371 0.08117465640411417 
0.058278644840614284 0.09608877684820033 0.09530678585281474 0.07684535130036035 0.09763773447016723 0.05827864357120491 0.09608876820411806 0.09763773453506569 0.09763773220780271 0.08292754468922509 0.05827864359250526 0.08499363988792141 
0.04897393799006894 0.0872164471808542 0.08481438292186794 0.0637699305924032 0.11080066379193991 0.04897393955557979 0.08721647247679438 0.11080066363167174 0.11080066933017105 0.07171816754984078 0.048973939529437904 0.12594078544937015 
0.06828528869019114 0.09088638790328796 0.09203678625077817 0.07407146603694485 0.09292225748430015 0.0682852890398683 0.09088642180547428 0.09292225741477106 0.09292225987636202 0.07983867689561568 0.06828528903401994 0.08865761956838648 
0.13389729196090713 0.061998200072554195 0.05662745732293132 0.09272584349555416 0.06061822458220419 0.13389730419411214 0.06199816712231881 0.06061822465688497 0.06061822200785585 0.08072731852465391 0.1338973039898603 0.062376442070163 
0.10920016013579786 0.07419493621161208 0.07738103287182518 0.08771291571103378 0.06788928422002594 0.10920016740525612 0.07419490926973375 0.06788928430943912 0.0678892811256724 0.08347665266494265 0.10920016728400952 0.07177120879065155 
0.08285977631196599 0.07776656541202027 0.07847034586271454 0.09581296869648827 0.08923011114611729 0.082859783409339 0.07776651245647741 0.08923011126292457 0.08923010711521155 0.09180976669930302 0.08285978329081212 0.062104168336626055 
0.14087664031001448 0.05993565068566493 0.0546652734547861 0.10152915324189568 0.057655393630028355 0.14087662962669634 0.05993560194651087 0.0576553937261559 0.05765539031783464 0.07844463886934068 0.14087662980498897 0.049893604386083056 
0.08114824663108539 0.08137250159601309 0.08704322840165442 0.0878589007236526 0.09034293142465408 0.08114825639779827 0.08137246633863111 0.0903429314200763 0.09034293161322794 0.08782160449542208 0.08114825623454101 0.06005774472324372 
0.06610377927380676 0.09499015731398809 0.0845308298420959 0.07912770054552838 0.09097237665609387 0.06610378576700705 0.09499013777081781 0.0909723767335473 0.09097237396736449 0.093442580557319 0.06610378565857315 0.08169011591385825 
0.10241049948914127 0.07660790454633 0.0753260072842049 0.09145002137955031 0.07095120515524006 0.10241050404433498 0.0766078939401376 0.07095120519487604 0.07095120378506427 0.0923287290508497 0.10241050396839038 0.06759432216188054 
0.09718115090277232 0.07835073011460517 0.07570326845329496 0.09176066322916338 0.07156838835566294 0.09718115174959967 0.07835071293206322 0.07156838842307518 0.07156838601953407 0.08930201214315343 0.09718115173553757 0.0802839959415381 
0.09560727999540847 0.07777698237154647 0.07338910113247116 0.0837115618165221 0.075039568424885 0.09560728129306648 0.0777769503625573 0.07503956850144104 0.07503956579352976 0.07659810720031753 0.09560728127109516 0.09880675183715944 
0.08300378261900308 0.0779169469745155 0.08168295062803416 0.0896388338254865 0.08486461768367554 0.08300377734004317 0.07791693584473845 0.08486461767819106 0.0848646178863221 0.08504989957333825 0.08300377742812952 0.08418924251852268 
0.08270949428752222 0.08185208067118815 0.08152614151299202 0.0838243658836986 0.08460989368396127 0.08270949988235492 0.08185203545426555 0.08460989381203318 0.08460988925091698 0.08117888970585141 0.08270949978884745 0.08780831606636827 
0.08264772067001978 0.08093928086213258 0.08122595208294316 0.08102558014000569 0.08597538882629906 0.08264772198022746 0.08093925070186052 0.08597538889919978 0.08597538631132642 0.08533321183928949 0.08264772195834917 0.08466739572834696 
0.14978533905861463 0.054012917632181606 0.050939449839770584 0.08429513616266156 0.0586752631664865 0.14978535098483634 0.054012879978608694 0.058675263240784654 0.058675260612348006 0.06938996647280733 0.14978535078536404 0.061967822065536055 
0.10926302159988174 0.07287975702284369 0.07094905878069349 0.09141958474610475 0.06744590346122196 0.10926302500053343 0.072879722847929 0.06744590356717566 0.06744589980291539 0.08203151941989417 0.10926302494380304 0.07971357880700367 
0.054044320237574474 0.10007845001907653 0.08896167434680383 0.08105434273804836 0.10514797426544727 0.05404432153109965 0.10007843648775394 0.10514797417560263 0.10514797740402834 0.09363948581374043 0.054044321509488076 0.05861072147133649 
0.049133777069735714 0.10681935446062418 0.10263055028490352 0.07677078244938855 0.0984866184783676 0.04913377364361241 0.10681936260105719 0.09848661852854215 0.09848661670603744 0.08784013431303583 0.049133773700898914 0.07625863776379647 
0.10056002552100608 0.07680958886779862 0.07359730886741354 0.08567084231233445 0.07384852009818874 0.10056003023436967 0.07680957048763856 0.07384852015347651 0.07384851818918267 0.0830475471802411 0.10056003015571628 0.08083949793263373 
0.12111989568927986 0.06690265228089724 0.06501433578669949 0.08653104345683368 0.06645814519813828 0.1211199015714251 0.06690262038511656 0.06645814526920255 0.06645814275420497 0.07398480155800205 0.12111990147327448 0.0779304145769257 
0.10685644864760462 0.07382260046354484 0.06855398494214777 0.09319301830726907 0.07035006213781918 0.10685645618213287 0.0738225534693403 0.0703500622627293 0.07035005782426351 0.08680037054963523 0.10685645605629646 0.07218792915721685 
0.07492032549953252 0.08689377305642945 0.09144193254540366 0.0836920133465605 0.08627676522594611 0.07492032327326593 0.08689376706990476 0.08627676528702652 0.08627676309103886 0.0779341018349194 0.0749203233104151 0.08955314645955721 
0.09200191267740421 0.07964071425812969 0.0816380086180818 0.07536580438060055 0.07995962780067285 0.09200191451936308 0.07964075241706967 0.07995962768635516 0.07995963175781293 0.08376888990979779 0.09200191448850488 0.0840612014862074 
0.08700827941006087 0.08324462010500415 0.08485337776719067 0.08321235656863364 0.07914078426603513 0.08700826897097338 0.08324467112770903 0.07914078415419294 0.07914078813497052 0.08262742793196534 0.08700826914526433 0.08437037241799998 
0.0757322574200353 0.08792052574159309 0.08842744601741015 0.08166906357420514 0.08518351467557951 0.07573225254004684 0.08792058356734557 0.08518351454055956 0.08518351934817972 0.08340427829420911 0.07573225262149166 0.0879107916593443 
0.053317627687973844 0.09285841657146096 0.10089539818400352 0.07199879992567598 0.10493133385383349 0.05331763059844218 0.09285839842284264 0.10493133390063895 0.10493133221868314 0.07996509041734391 0.053317630549811874 0.08667700766928954 
0.22458760302068712 0.0323496292600816 0.029852415079614752 0.052039253692993684 0.03284506312578708 0.22458768860787245 0.032349610093559966 0.0328450631653562 0.032845061761273754 0.04989174515290033 0.22458768717880814 0.031219179861064896 
0.07571753440428902 0.08853507661524677 0.08648167042483408 0.08417627952151265 0.08523137536093284 0.07571753945561595 0.08853502899643308 0.08523137550556402 0.0852313703585998 0.08397735790433267 0.07571753937136247 0.08544785208127671 
0.05676285571588155 0.08973059606382967 0.08647030205058404 0.07243676952757806 0.10905020477943327 0.056762856790809384 0.08973061272880649 0.10905020458330325 0.10905021157394533 0.0861012018953781 0.05676285677288363 0.07809132751756714 
0.062873603927747 0.08658825474832658 0.09017606962661871 0.07426500435682516 0.10313882083050449 0.06287360655862215 0.0865882406654747 0.10313882080228812 0.10313882181678784 0.07898270259667244 0.06287360651475132 0.08536244755538143 
0.08287086085224049 0.08220586384020366 0.08251998145907634 0.08096678253048575 0.08607713061910856 0.08287085146157404 0.08220592959305166 0.08607713042154538 0.08607713745010016 0.08226270109249434 0.08287085161843546 0.0829947790616841 
0.08828010862407037 0.08287664573208331 0.08417787075520367 0.08049606044201794 0.08004859922722758 0.08828010189553244 0.08287667116210527 0.08004859916862249 0.08004860125298174 0.08086416999867167 0.08828010200781053 0.08372246973367298 
0.1100667122479208 0.0731359942615271 0.0692561142369984 0.08103172098372291 0.07261970617696072 0.11006672663092067 0.07313595838585936 0.07261970628301592 0.07261970250932136 0.08428760790284755 0.11006672639079058 0.07109332399011466 
0.05676150430075343 0.08762549559995264 0.062082879579830774 0.08462847257352592 0.11002688056050698 0.056761506445036546 0.08762549889648881 0.11002688038868394 0.11002688651357329 0.11391944389535506 0.05676150640922478 0.06375304483706781 
0.10677277622659796 0.07042527130788771 0.07627626127288681 0.08188055469860525 0.0733796896182202 0.10677278163572793 0.07042526543948349 0.07337968959873617 0.07337969030591417 0.08224034399418252 0.10677278154527506 0.07829489435648278 
0.06883029611343781 0.08146326869992224 0.08323147733942396 0.0851497167467045 0.09477226024135275 0.06883029341035694 0.08146326963581398 0.09477226015075978 0.0947722634010502 0.08489320764068692 0.06883029345539443 0.0929913931650965 
0.08175687345142195 0.08068012534054696 0.08019467383536825 0.08166235084432956 0.08340874126130657 0.08175687119396514 0.08068012246933805 0.08340874125869079 0.08340874135680373 0.08368236587850385 0.08175687123163443 0.09760352187809071 
0.057566933621861646 0.09020821616172571 0.07815297196617124 0.07571494471817027 0.10839817543784368 0.05756693927418139 0.09020821077846221 0.10839817541342343 0.10839817627291927 0.08789317117783335 0.057566939179766394 0.07992714599764145 
0.07921151648619335 0.08773285442117276 0.08964447567327369 0.08251052357681211 0.0815558926888667 0.07921151256102635 0.08773289391398267 0.08155589263231648 0.08155589463795875 0.0809374125223089 0.07921151262653427 0.08913961825955406 
0.08023051420926139 0.0813872195122949 0.09094889438584482 0.09109095485018488 0.08264993394349543 0.08023051654142364 0.08138714897439199 0.08264993415696731 0.08264992655398763 0.07838145431892656 0.08023051650245061 0.08816298605077089 
0.0971887398736853 0.07762590521444399 0.07503672609809074 0.09145595986818691 0.07556154908840089 0.09718873585580318 0.07762592998230128 0.07556154901767438 0.07556155153608052 0.09044500864376799 0.09718873592304259 0.06955960889852222 
0.2123779659572308 0.036976934668693895 0.03137669387386284 0.06062569866607605 0.037395779713142376 0.2123779640599932 0.036976903466490685 0.03739577977073701 0.0373957777341654 0.051582258737811096 0.21237796408739615 0.033140279264400455 
0.08490938392348941 0.08159039461204444 0.08913326851792817 0.08098184619986946 0.08164953327783799 0.084909387226556 0.08159036777110566 0.08164953336155199 0.08164953038564197 0.0790112618303024 0.0849093871713355 0.08801610572233694 
0.09157413871790002 0.079565435325825 0.07749671946833794 0.08606589445073476 0.07905102646549823 0.09157413910055467 0.07956543363432284 0.07905102646883501 0.0790510263545246 0.08152463526901761 0.09157413909413081 0.08390638565031842 
0.056314518810256925 0.08945604861896701 0.08878008232375807 0.07543341200786398 0.10798555369086318 0.05631452058721936 0.08945602872930193 0.10798555365639897 0.10798555489015296 0.08622156348600472 0.05631452055754502 0.07775264264166788 
0.11822312339501977 0.06980155671889703 0.06158912582002222 0.09331167251734292 0.06794814149312736 0.11822312885271515 0.06980152260763132 0.06794814155792785 0.06794813926658244 0.0860997118784547 0.11822312876145849 0.06088260713082076 
0.09186512502725167 0.07971581852963996 0.07933875252205207 0.08837609184779471 0.07710027561469916 0.09186511290039384 0.07971585419573815 0.07710027552295817 0.07710027878946778 0.0870571041765277 0.09186511310290307 0.07890019777057371 
0.06718897537730809 0.09122620636218796 0.10172393363165255 0.07498002253505305 0.09082871865919682 0.06718897819296898 0.09122620024778273 0.09082871869054732 0.09082871757428505 0.07909248305530223 0.0671889781459636 0.08769806752775158 
0.06082658608830893 0.09817721741024944 0.10487647574360609 0.08264388507038957 0.0878217206318829 0.06082658347045223 0.09817722513739774 0.08782172069826791 0.0878217183178728 0.08423239645865072 0.06082658351427708 0.08594788745864453 
0.048628149045838766 0.09220211267304523 0.11834156159973601 0.0674462194025879 0.1084418273956212 0.04862815107333815 0.0922020768190381 0.10844182740993112 0.10844182690966445 0.07267726680776389 0.04862815103942952 0.08592082982400573 
0.07109159084252593 0.08846152557723282 0.08285497616027436 0.08836670730343286 0.08988203587688998 0.07109159240185031 0.08846149575583047 0.08988203597471818 0.08988203248609757 0.0852145931292914 0.0710915923758738 0.08371982211598228 
0.13609692922274208 0.062025785525300435 0.05745202250448891 0.0756887008029204 0.06296716763083685 0.13609694020721938 0.06202577446034938 0.06296716763445721 0.06296716751845867 0.07267183969901608 0.13609694002330047 0.07294356477091017 
0.06553957626409097 0.09581253483779414 0.09078077668216565 0.08391763281104096 0.08782597712353189 0.0655395760113869 0.09581253790321487 0.08782597713050096 0.08782597687781 0.09695529815724048 0.065539576015642 0.07662456018558117 
0.07861000938390181 0.08733865675392782 0.08436455243995537 0.08124259248419524 0.08614863171561968 0.07861001492621343 0.08733864267525651 0.08614863175826966 0.08614863024149223 0.08437345245303089 0.07861001483376467 0.08106617033437269 
0.13422755360281696 0.0626292284392201 0.05672182967326178 0.09522736146812112 0.05683612493409398 0.1342275588242377 0.06262919279634183 0.056836125037051294 0.05683612137919544 0.07718095077273292 0.1342275587372653 0.07242039433566153 
0.13043980011740125 0.06110691626396954 0.06054625923647564 0.08446513278495181 0.06557624725189187 0.13043982027087533 0.0611068928497141 0.0655762472731059 0.06557624653296677 0.08816480376320554 0.1304398199340466 0.05656181372139567 
0.07726370049459172 0.08639871418245497 0.08666789630010369 0.08607552524173497 0.08393240522133848 0.07726369922077357 0.08639873411425966 0.08393240517396182 0.08393240686747165 0.08654420868842644 0.07726369924207784 0.0843266052528052 
